0   0.000113946865502
1   0.000115752217972
2   0.000119448224409
3   0.000124199199264
4   0.000127101237516
5   0.000130762558574
6   0.000127808335423
7   0.000121804797294
8   0.000118540411858
9   0.000114779829847
10   0.000115104720842
0   0.000113946865502
11   0.000115995560098
1   0.000115752217972
12   0.000114563823443
2   0.000119448224409
13   0.000115373805413
3   0.000124199199264
14   0.00011840797509
4   0.000127101237516
15   0.00012397404516
5   0.000130762558574
16   0.000123267394738
6   0.000127808335423
17   0.00011991992843
7   0.000121804797294
18   0.000118853268852
8   0.000118540411858
19   0.000117935198247
9   0.000114779829847
20   0.000118964044088
10   0.000115104720842
21   0.000119523928117
11   0.000115995560098
22   0.000119465475755
12   0.000114563823443
23   0.000119696224477
13   0.000115373805413
24   0.000119946228946
14   0.00011840797509
25   0.000119942894813
15   0.00012397404516
26   0.000119689841086
16   0.000123267394738
27   0.000119462137947
17   0.00011991992843
28   0.000119520878683
18   0.000118853268852
29   0.000118943087804
19   0.000117935198247
30   0.000117938170514
20   0.000118964044088
31   0.000118901738977
21   0.000119523928117
32   0.000120015739094
22   0.000119465475755
33   0.000123347587208
23   0.000119696224477
34   0.00012413572379
24   0.000119946228946
35   0.000118157491036
25   0.000119942894813
36   0.000115074602306
26   0.000119689841086
37   0.0001149444928
27   0.000119462137947
38   0.000115704930864
28   0.000119520878683
39   0.000115094673774
29   0.000118943087804
40   0.000115207538241
30   0.000117938170514
41   0.000119015411648
31   0.000118901738977
42   0.000122754176127
32   0.000120015739094
43   0.000128922714105
33   0.000123347587208
44   0.000130526259766
34   0.00012413572379
45   0.000126304585635
35   0.000118157491036
46   0.000123572972809
36   0.000115074602306
47   0.000119151695819
37   0.0001149444928
48   0.000115326175763
38   0.000115704930864
49   0.000113058818891
50   0.000110848493884
51   0.000108540553101
52   0.000105964350547
53   0.000107974025857
54   0.00011273002802
55   0.000116736298051
56   0.000120168893442
57   0.000125066932769
58   0.000129183716192
59   0.000133780894281
60   0.00013687654268
61   0.000135982712581
62   0.000136008352495
63   0.000133545574765
64   0.000129486639499
65   0.000126434095846
66   0.000125462484611
67   0.000126988883166
68   0.000126086472598
69   0.000126089947104
70   0.000123359597096
71   0.000122711022101
72   0.000122255931402
73   0.000122437248567
74   0.000122645931768
75   0.000122649931496
76   0.000122447637751
77   0.000122253987041
78   0.000122670840225
79   0.000123266932841
80   0.00012594618221
81   0.000126079130857
82   0.000126788187024
83   0.000125578022502
84   0.000126423164666
85   0.000128955713208
86   0.000133620060905
87   0.000135634024523
88   0.000135205003943
89   0.000135706851734
90   0.000134531653864
91   0.00012984007615
92   0.00012614395023
93   0.000121529191001
94   0.000117694088087
95   0.000114789100438
96   0.000109908092593
97   0.000105952686214
98   0.000106511832646
99   0.000109960286277
0   0.0143424389917
1   0.0149507965383
2   0.0156512118691
3   0.0163469033599
4   0.0170420208655
5   0.0168203577915
6   0.0162319587936
7   0.015537574637
8   0.0154366005427
9   0.0153087742625
10   0.0152098841741
11   0.0150078394216
12   0.0148898464937
13   0.0152689463762
14   0.0153079673253
15   0.0153864689197
16   0.0151128993178
17   0.015005070983
18   0.0148410390006
19   0.0148885586821
20   0.015258456287
21   0.015512031707
22   0.0156405988518
23   0.0157418287946
24   0.0157919326971
25   0.0157913655623
26   0.0157404370968
27   0.0156371280131
28   0.0155078705442
29   0.0152482821508
30   0.014883806217
31   0.0148481667773
32   0.0149991102558
33   0.0151261709681
34   0.0153925088074
35   0.0153296865783
36   0.0152309188329
37   0.0148660750735
38   0.0149717746133
39   0.0152729697655
40   0.01536318685
41   0.0154944147982
42   0.0157678637073
43   0.0164552452933
44   0.0170216024302
45   0.0168331541125
46   0.0163066323687
47   0.01558871813
48   0.0149733848266
49   0.014106306955
50   0.0137151787494
51   0.0132904674745
52   0.0133494212349
53   0.0134154425816
54   0.01419876282
55   0.0148961609721
56   0.0151565363886
57   0.0156925650328
58   0.0163275077209
59   0.0170610169216
60   0.017574837263
61   0.0175401775533
62   0.017498767274
63   0.0171620073948
64   0.0167061359972
65   0.0166600634927
66   0.0161076982205
67   0.0162131669573
68   0.0160075777985
69   0.016091001975
70   0.0159313560522
71   0.0159003203802
72   0.015896663959
73   0.0159719901159
74   0.0160135036659
75   0.0160143979354
76   0.0159730621712
77   0.015900621171
78   0.015895636366
79   0.0159272667779
80   0.0160853822446
81   0.0160053113967
82   0.0161716279825
83   0.0161225103462
84   0.0166436174283
85   0.0167010134713
86   0.0171845925005
87   0.0174177402173
88   0.0174842847256
89   0.0175380182333
90   0.0171738684032
91   0.0164485636948
92   0.0158893275729
93   0.0153029132419
94   0.0150262940421
95   0.0144006676365
96   0.01374959809
97   0.0131426818202
98   0.0132833987184
99   0.0135960377758
0   0.0143420882936
1   0.0149505920138
2   0.015650546057
3   0.0163461664803
4   0.0170412955154
5   0.0168199363482
6   0.016231506558
7   0.0155371658445
8   0.0154361976468
9   0.0153083159631
10   0.0152095435569
11   0.0150076296468
12   0.0148895922374
13   0.0152687470882
14   0.0153079542566
15   0.015386403254
16   0.0151128101376
17   0.0150049109366
18   0.0148409959673
19   0.0148882418673
20   0.0152583014379
21   0.0155119342333
22   0.0156403144956
23   0.0157414910401
24   0.0157915711222
25   0.0157910041199
26   0.0157401017836
27   0.015636846079
28   0.0155077777805
29   0.0152481152668
30   0.0148834886932
31   0.0148481184816
32   0.0149989385279
33   0.0151260820676
34   0.0153924505496
35   0.0153296676984
36   0.0152307094098
37   0.0148658498015
38   0.0149715505547
39   0.0152725928527
40   0.0153626703309
41   0.0154939861726
42   0.0157674978249
43   0.0164548249163
44   0.0170211434639
45   0.0168324300798
46   0.0163060552022
47   0.0155880755689
48   0.0149731322662
49   0.0141059688999
50   0.0137150475174
51   0.0132903315127
52   0.0133492837875
53   0.0134153815465
54   0.0141984439485
55   0.0148958030964
56   0.0151561084109
57   0.0156921978213
58   0.0163270699245
59   0.0170604287378
60   0.0175741917386
61   0.0175397961341
62   0.0174985180164
63   0.0171618574125
64   0.0167061243337
65   0.0166600870818
66   0.0161076491042
67   0.016213008289
68   0.0160073074861
69   0.0160908166991
70   0.0159313227144
71   0.0159004875735
72   0.015896862414
73   0.0159721927834
74   0.0160137419747
75   0.0160146358694
76   0.0159732648897
77   0.0159008172772
78   0.0158958151297
79   0.0159272666105
80   0.0160851939741
81   0.0160050474046
82   0.0161714625939
83   0.0161224503789
84   0.0166435747465
85   0.0167010103119
86   0.0171844620907
87   0.0174175003594
88   0.0174839490152
89   0.0175373770074
90   0.0171732273429
91   0.016448082673
92   0.0158890384747
93   0.0153024892927
94   0.0150259374192
95   0.0144003099819
96   0.0137493550931
97   0.0131423008883
98   0.013283128232
99   0.0135958231016
0   0.0195416819643
1   0.0202773415043
2   0.0211970984404
3   0.0220387663254
4   0.0228789270493
5   0.0228080005579
6   0.0220808507867
7   0.0211499006031
8   0.0208935267302
9   0.020575368211
10   0.0204545821789
11   0.0202604655893
12   0.020045133556
13   0.0205322831945
14   0.0207058939886
15   0.0209554738362
16   0.0206805585142
17   0.0204578887234
18   0.0202705152672
19   0.0202657761306
20   0.0206874810343
21   0.0209616916689
22   0.0211011311698
23   0.0212109612712
24   0.0212688272388
25   0.021268138953
26   0.0212094291312
27   0.021097534679
28   0.0209572954542
29   0.0206761348323
30   0.0202615691703
31   0.0202800229591
32   0.0204542121051
33   0.0206930426715
34   0.0209710555716
35   0.020712427051
36   0.0204827229578
37   0.0200331454735
38   0.0202295768759
39   0.0205219097823
40   0.0206399594215
41   0.0209688017247
42   0.0214045727913
43   0.0223475281468
44   0.0230089659854
45   0.0226351849732
46   0.0219859994089
47   0.0210879975211
48   0.0202694417638
49   0.0192624670152
50   0.018766049749
51   0.0182142338145
52   0.0181135113543
53   0.01826976015
54   0.0192794808548
55   0.0201639601259
56   0.0205551556343
57   0.0213445377416
58   0.0221356044818
59   0.0230258905637
60   0.0236877746278
61   0.0236304569058
62   0.0235816121853
63   0.023104466071
64   0.022450855283
65   0.0222659369091
66   0.0216706810013
67   0.0218470614083
68   0.0216062163321
69   0.021725326352
70   0.0214707042107
71   0.0213854696582
72   0.0213356785721
73   0.0214200004301
74   0.0214739712379
75   0.0214750407532
76   0.021422077182
77   0.0213392862056
78   0.0213766060793
79   0.0214641100431
80   0.0217173165846
81   0.0216025061162
82   0.0217959144008
83   0.0216896373134
84   0.0222515448603
85   0.0224231692364
86   0.0231177492939
87   0.0234878477586
88   0.0235438325861
89   0.0236080774921
90   0.0231702423373
91   0.0222610959964
92   0.0215794421351
93   0.0207664419296
94   0.0203176112195
95   0.0195473908123
96   0.018665551221
97   0.0179060278965
98   0.0181478473443
99   0.0186226914652
