0   0.000146573686269
1   0.000143928971226
2   0.000149305689994
3   0.000140195740875
4   0.000138543554671
5   0.000138095787174
6   0.000136455595475
7   0.000133656312271
8   0.000138850712368
9   0.000141749824395
10   0.000137795396409
11   0.000143425959188
12   0.000149789439123
13   0.000142874969419
14   0.000143316254387
15   0.000142271725882
16   0.000137648963885
17   0.000143043056468
18   0.000145878576836
19   0.000139517477065
20   0.000138323321597
21   0.000138315980442
22   0.000135917636764
23   0.000135245553019
24   0.000135301428894
25   0.000135299405733
26   0.0001352443169
27   0.000135954050382
28   0.000138313846398
29   0.000138286391503
30   0.000139667282787
31   0.000146100217077
32   0.000142706997082
33   0.000137766926722
34   0.00014234360618
35   0.000143557643504
36   0.000142393140665
37   0.000150197041581
38   0.000141877301695
39   0.000137616419453
40   0.000142048020077
41   0.000139068890361
42   0.000133813829032
43   0.00013708927693
44   0.000139755935291
45   0.000137893952276
46   0.000143300073417
47   0.00015148587328
48   0.000146116980134
49   0.000145719412524
50   0.000146634908102
51   0.000140727945337
52   0.000136199011878
53   0.000142121159773
54   0.00013345333823
55   0.000135512549466
56   0.000135338477993
57   0.000136095366501
58   0.000133655504769
59   0.000138211822273
60   0.000140640262743
61   0.000139763508297
62   0.000141922480469
63   0.000141617288798
64   0.000144684200138
65   0.000144372005486
66   0.000139209853893
67   0.000139020943159
68   0.000138422948938
69   0.000143003040897
70   0.000144473901792
71   0.000142138281036
72   0.000141294747457
73   0.00014102948863
74   0.000140809519399
75   0.000140809282604
76   0.000141004827856
77   0.000141297020643
78   0.000142137133405
79   0.000144438803095
80   0.000143356024619
81   0.000138620188389
82   0.000138744122794
83   0.000139247753093
84   0.000144024779487
85   0.000145227252346
86   0.00014151774826
87   0.000141851324785
88   0.000140205482961
89   0.000139550033415
90   0.000138932061837
91   0.000133320279416
92   0.000135789989501
93   0.000137061713143
94   0.000136031442163
95   0.000132195839025
96   0.000139390861199
97   0.000136907438175
98   0.000138384455814
99   0.000148275922227
0   0.110879110692
1   0.105332028428
2   0.109855963861
3   0.0995488217357
4   0.100284104665
5   0.100038501196
6   0.100020356367
7   0.0946036803713
8   0.100493523678
9   0.104453127465
10   0.0993900009714
11   0.108092309642
12   0.115894225533
13   0.107204485794
14   0.107981587163
15   0.106264759248
16   0.103360239875
17   0.110099446315
18   0.111023749112
19   0.105430648201
20   0.104950552249
21   0.103276905267
22   0.0993646064616
23   0.0984861892918
24   0.0986284881375
25   0.0986268828563
26   0.0984849041081
27   0.0994084129661
28   0.103330009814
29   0.104923117078
30   0.105501667467
31   0.111256706719
32   0.109818301518
33   0.103486813406
34   0.106596284628
35   0.107971220893
36   0.106581225241
37   0.116921840544
38   0.10653115222
39   0.0992745578435
40   0.104554892741
41   0.101299805353
42   0.0949876665074
43   0.100654190599
44   0.102193523129
45   0.0984165314261
46   0.103787476501
47   0.111292087121
48   0.105576330599
49   0.108395341342
50   0.110217590178
51   0.104436882745
52   0.0997729326834
53   0.104246242426
54   0.0960678171109
55   0.100660484063
56   0.099054131494
57   0.100659264509
58   0.0981037655467
59   0.1051364457
60   0.107982408077
61   0.103662909822
62   0.109201853268
63   0.109139939639
64   0.112125229393
65   0.114341767043
66   0.105677566767
67   0.10465265973
68   0.104768873339
69   0.110276782753
70   0.110105476581
71   0.108758365997
72   0.10816282478
73   0.108218290837
74   0.108078740182
75   0.108080035442
76   0.108192953101
77   0.108182130679
78   0.108787141336
79   0.110087651422
80   0.110450144235
81   0.105195389862
82   0.104243104334
83   0.105587227701
84   0.113629166155
85   0.113010844429
86   0.10926582805
87   0.109012356621
88   0.103628879277
89   0.10712077056
90   0.10584136108
91   0.0979215623822
92   0.0999335108675
93   0.100553565964
94   0.10125575822
95   0.0945144349585
96   0.102119854449
97   0.102141797798
98   0.103306135197
99   0.113825739811
