0   6.22961168538e-07
1   6.01169311019e-07
2   5.74428257334e-07
3   5.5538240003e-07
4   5.954574316e-07
5   5.13464596624e-07
6   5.40408578006e-07
7   6.03704340375e-07
8   6.26036832817e-07
9   6.19581978377e-07
10   5.70345027411e-07
11   5.8359247472e-07
12   5.77261901414e-07
13   5.75495676825e-07
14   6.12959319471e-07
15   6.10453373649e-07
16   6.11191967434e-07
17   6.12682149271e-07
18   6.41079655231e-07
19   6.17425651689e-07
20   6.01489620969e-07
21   5.893566261e-07
22   5.84670592833e-07
23   5.87919091436e-07
24   5.92565084225e-07
25   5.925054936e-07
26   5.87819979898e-07
27   5.84601507641e-07
28   5.89469928011e-07
29   6.01808148137e-07
30   6.16713591533e-07
31   6.44026772931e-07
32   6.10585945419e-07
33   6.11058556117e-07
34   6.06533723145e-07
35   6.13746824069e-07
36   5.71475995324e-07
37   5.79954732431e-07
38   5.82312791633e-07
39   5.65578022462e-07
40   6.13616523969e-07
41   6.23138763888e-07
42   5.98384246424e-07
43   5.33280592692e-07
44   5.16644458385e-07
45   6.03321508656e-07
46   5.56214166752e-07
47   6.1799159737e-07
48   6.12231021317e-07
49   6.17854852705e-07
50   6.12516698698e-07
51   6.80365163503e-07
52   7.25887411465e-07
53   8.2854160613e-07
54   9.16462297755e-07
55   9.70396915354e-07
56   1.05782896448e-06
57   1.24193660887e-06
58   1.37662455263e-06
59   1.53480375062e-06
60   1.58740384647e-06
61   1.61398793914e-06
62   1.6167280528e-06
63   1.6357072424e-06
64   1.68466676919e-06
65   1.72599878683e-06
66   1.76741591953e-06
67   1.8062224265e-06
68   1.85890866462e-06
69   1.92837663565e-06
70   1.94243913321e-06
71   1.97735586544e-06
72   2.01182995705e-06
73   2.026327397e-06
74   2.02690743757e-06
75   2.02679675085e-06
76   2.02635891244e-06
77   2.01292908069e-06
78   1.97852727538e-06
79   1.94477113127e-06
80   1.92796706153e-06
81   1.86258974818e-06
82   1.80915340427e-06
83   1.76860439859e-06
84   1.73054328836e-06
85   1.6860084246e-06
86   1.63885169009e-06
87   1.62151552689e-06
88   1.61401124789e-06
89   1.58299450246e-06
90   1.55736250599e-06
91   1.38405023023e-06
92   1.26368718042e-06
93   1.08788622182e-06
94   9.90059027966e-07
95   9.53913001286e-07
96   8.72713137629e-07
97   7.8680802628e-07
98   6.90243525443e-07
99   6.40515008372e-07
0   0.000423883855869
1   0.000408762921945
2   0.000391009723437
3   0.000377441558333
4   0.000405695917265
5   0.000351378306225
6   0.000369817906107
7   0.000413238717561
8   0.000428497560207
9   0.000423662372336
10   0.000389556818649
11   0.000398893377465
12   0.000393998051868
13   0.000392744672614
14   0.000417830531668
15   0.000416137026541
16   0.000416210130088
17   0.000417319661432
18   0.000436581918408
19   0.000420146240615
20   0.000409094048425
21   0.000400795978261
22   0.00039740927674
23   0.000398993383909
24   0.000401889481714
25   0.000401851772948
26   0.000398935777642
27   0.000397384404288
28   0.00040087705439
29   0.000409303555708
30   0.000419674575653
31   0.000438593323235
32   0.00041591751899
33   0.000416125565349
34   0.000413462738155
35   0.000418430384749
36   0.000390104916785
37   0.000395897510449
38   0.000398012702542
39   0.000386277866631
40   0.000419539140195
41   0.000426535620178
42   0.000409542588252
43   0.000364878909369
44   0.000353241058047
45   0.000410129105906
46   0.000378141273099
47   0.000420705665713
48   0.000416585135462
49   0.000420814011857
50   0.000417022963709
51   0.000463111281559
52   0.000493548405148
53   0.000563109354158
54   0.000623021178093
55   0.000658850017135
56   0.000717954223793
57   0.000841655735088
58   0.000930369868395
59   0.00103800170705
60   0.00107388075245
61   0.0010917456241
62   0.00109320419654
63   0.00110660351631
64   0.00114000963866
65   0.00116837671364
66   0.00119671389948
67   0.00122251698979
68   0.00125842604166
69   0.00130566581206
70   0.00131483631028
71   0.00133864479057
72   0.00136230224862
73   0.00137225160631
74   0.00137270458574
75   0.00137263457153
76   0.00137228469244
77   0.00136305091838
78   0.00133947004052
79   0.00131642395775
80   0.00130533088992
81   0.00126097745078
82   0.00122442807764
83   0.00119757854295
84   0.00117141978
85   0.00114099218539
86   0.00110873889669
87   0.00109668804647
88   0.0010917887036
89   0.00107075206034
90   0.00105324945784
91   0.000935857776875
92   0.000855881767606
93   0.000737957354559
94   0.000672202786156
95   0.000648238773017
96   0.000593484095548
97   0.000535233617395
98   0.000470046424189
99   0.000436036128758
