0   1.66947211794e-05
1   1.76751184854e-05
2   1.89384332678e-05
3   1.94011931138e-05
4   1.88452866149e-05
5   1.77926300925e-05
6   1.77458759527e-05
7   1.75311074498e-05
8   1.70106775925e-05
9   1.70219522038e-05
10   1.71540557767e-05
11   1.74601322116e-05
12   1.72097280501e-05
13   1.70680597218e-05
14   1.74369738311e-05
15   1.75553204292e-05
16   1.77205150015e-05
17   1.75538435545e-05
18   1.75280335087e-05
19   1.76739792441e-05
20   1.76461141792e-05
21   1.79061498301e-05
22   1.80389417427e-05
23   1.81056997909e-05
24   1.80602672604e-05
25   1.80606991507e-05
26   1.8106392222e-05
27   1.80372952484e-05
28   1.79029126114e-05
29   1.76415004436e-05
30   1.76762436603e-05
31   1.75171910414e-05
32   1.75688473878e-05
33   1.77068264061e-05
34   1.75660883929e-05
35   1.73862748451e-05
36   1.70805682539e-05
37   1.71371555494e-05
38   1.75129701648e-05
39   1.70224183492e-05
40   1.70744439385e-05
41   1.70777479748e-05
42   1.76556050426e-05
43   1.77982870026e-05
44   1.79127013509e-05
45   1.90911624814e-05
46   1.92366620872e-05
47   1.86967379971e-05
48   1.74110151274e-05
49   1.64300489451e-05
50   1.56348156475e-05
51   1.57451312584e-05
52   1.64354636162e-05
53   1.73049135822e-05
54   1.82249214856e-05
55   1.83438073408e-05
56   1.82174542613e-05
57   1.82485588662e-05
58   1.91319659366e-05
59   1.83841549013e-05
60   1.78431863404e-05
61   1.77595132349e-05
62   1.77920931331e-05
63   1.8052119859e-05
64   1.77846072629e-05
65   1.80142776591e-05
66   1.80743817352e-05
67   1.87531359096e-05
68   1.84894362785e-05
69   1.85731471865e-05
70   1.84810088386e-05
71   1.83224092562e-05
72   1.84044934596e-05
73   1.83920513585e-05
74   1.83827920542e-05
75   1.83827169268e-05
76   1.83907467946e-05
77   1.84061938084e-05
78   1.83228784041e-05
79   1.84789462294e-05
80   1.8535495012e-05
81   1.8498826463e-05
82   1.87748576777e-05
83   1.81235360788e-05
84   1.80185116284e-05
85   1.77454447289e-05
86   1.80486719484e-05
87   1.78340626001e-05
0   0.00171911032885
1   0.00178576372433
2   0.00190834239135
3   0.00197289541529
4   0.00193935219336
5   0.0018315434605
6   0.00190587381546
7   0.00183516124073
8   0.00174103261023
9   0.00171752873563
10   0.00176528287223
11   0.00178172590637
12   0.00175881472819
13   0.00176877553826
14   0.00184840664617
15   0.00182693581425
16   0.00180469407838
17   0.00178099445928
18   0.00176513326594
19   0.00179254048151
20   0.00176341881597
21   0.00182030106445
22   0.00183839951347
23   0.00184247187698
24   0.00183654812819
25   0.00183655201493
26   0.0018426580733
27   0.00183826382284
28   0.00182008471094
29   0.00176236803346
30   0.00179385510854
31   0.00176286130227
32   0.0017841650745
33   0.00180263557821
34   0.00183037757642
35   0.00183970757352
36   0.00176534279384
37   0.00175009478475
38   0.00178806577195
39   0.00174316614661
40   0.0017335178086
41   0.00176035794296
42   0.00184834803571
43   0.00189682842737
44   0.00184950478324
45   0.00195790064111
46   0.00194450858028
47   0.00187911605703
48   0.00177805328767
49   0.00171729378049
50   0.00156758798113
51   0.00158697314263
52   0.00165284246169
53   0.00173095709454
54   0.00185730581842
55   0.00189330257815
56   0.00188926963608
57   0.00186055547616
58   0.00197273571704
59   0.00188234743797
60   0.00182030289324
61   0.00185358716909
62   0.00185854240696
63   0.00191818409548
64   0.00182911695275
65   0.00181103444273
66   0.00183227129699
67   0.00190167759823
68   0.00189290881639
69   0.00192225132969
70   0.00189891153299
71   0.00187361612351
72   0.00186786586773
73   0.00187967963952
74   0.00188541855811
75   0.00188554243331
76   0.00187990330865
77   0.00186907029176
78   0.00187190309995
79   0.00189846835512
80   0.00191944642128
81   0.00189203867766
82   0.00190370833622
83   0.00183877065178
84   0.00181193165687
85   0.00182152912865
86   0.00191661790232
87   0.00186754231871
88   0.00186475362532
89   0.00182588660666
90   0.00188175844627
91   0.0019905115578
92   0.00186567675912
93   0.00186604932634
94   0.00192577567552
95   0.00187548196987
96   0.00175645688722
97   0.00164462702376
98   0.00160028202416
99   0.00158426317499
