0   2.98188044245e-05
1   2.89022988733e-05
2   2.90943799531e-05
3   3.04626895275e-05
4   3.06983021047e-05
5   3.07888313429e-05
6   3.05989946633e-05
7   3.01322915101e-05
8   2.93631753025e-05
9   2.76644430861e-05
10   2.77039942503e-05
11   2.79551496112e-05
12   2.77380590595e-05
13   2.78069978449e-05
14   2.82065930936e-05
15   2.87310378486e-05
16   2.89737615535e-05
17   2.85010950145e-05
18   2.92831364172e-05
19   2.90434036467e-05
20   2.94996883194e-05
21   2.98510275077e-05
22   2.9517300314e-05
23   2.93378435344e-05
24   2.92874891853e-05
25   2.92873785885e-05
26   2.93401106834e-05
27   2.95217480907e-05
28   2.98498281108e-05
29   2.94870107631e-05
30   2.90379281173e-05
31   2.92935911742e-05
32   2.84934682509e-05
33   2.90191789599e-05
34   2.86799288384e-05
35   2.82330398355e-05
36   2.77330170095e-05
37   2.77856572134e-05
38   2.77803767432e-05
39   2.76301035288e-05
40   2.80216714824e-05
41   2.96384674979e-05
42   3.03114958678e-05
43   3.09494443279e-05
44   3.08393821726e-05
45   3.03521122105e-05
46   3.07165656567e-05
47   2.93250109325e-05
48   2.94169652211e-05
49   2.94258961258e-05
50   2.89130905841e-05
51   2.91374040595e-05
52   2.8588141653e-05
53   2.85053042202e-05
54   2.88991912525e-05
55   2.96626304179e-05
56   3.14299558114e-05
57   3.31727856163e-05
58   3.38155101228e-05
59   3.4643535643e-05
60   3.46509631087e-05
61   3.43813468592e-05
62   3.48637953758e-05
63   3.38557711553e-05
64   3.38467097327e-05
65   3.42470572984e-05
66   3.46058559927e-05
67   3.50777469122e-05
68   3.54790909572e-05
69   3.54069420973e-05
70   3.52765172798e-05
71   3.56519637826e-05
72   3.60161740724e-05
73   3.62337372021e-05
74   3.62592360767e-05
75   3.62588438867e-05
76   3.62360085854e-05
77   3.60315713697e-05
78   3.56676563618e-05
79   3.52940503002e-05
80   3.54182181054e-05
81   3.54908136117e-05
82   3.50276932146e-05
83   3.47220125922e-05
84   3.43410014667e-05
85   3.37830275301e-05
86   3.39551407274e-05
87   3.47459717261e-05
88   3.43363951212e-05
89   3.46700245744e-05
90   3.44767422177e-05
91   3.41361361439e-05
92   3.34296145241e-05
93   3.22066428932e-05
94   3.00313594094e-05
95   2.91260315779e-05
96   2.92165784702e-05
97   2.82461434124e-05
98   2.85668441473e-05
99   2.91238253004e-05
0   0.00268137233047
1   0.00263149250577
2   0.00265529608361
3   0.00273137166758
4   0.00274663493504
5   0.00275598686202
6   0.00274151128358
7   0.00272507856406
8   0.00264508038148
9   0.00252952472699
10   0.0025428463126
11   0.00255387424371
12   0.00253042138265
13   0.00253092969934
14   0.00255911758932
15   0.0025982834306
16   0.00261980080943
17   0.00259469349003
18   0.00264480350878
19   0.00262002553439
20   0.00264216413602
21   0.00266031037018
22   0.00263859637179
23   0.00262278635607
24   0.00261758808969
25   0.00261759485094
26   0.00262299677363
27   0.00263894188943
28   0.00266026273148
29   0.00264158915272
30   0.00261976044355
31   0.00264657602753
32   0.00259431591925
33   0.00262148974282
34   0.00259554031666
35   0.00256067877273
36   0.00252824646377
37   0.00253334075876
38   0.00254130148631
39   0.00253651349736
40   0.00255260542256
41   0.00266481534669
42   0.00274099951892
43   0.00276064564849
44   0.00275949883733
45   0.00272293406099
46   0.00275688862567
47   0.00266612702417
48   0.00266294715896
49   0.00266272430953
50   0.00263365761852
51   0.00262597876854
52   0.00256495138927
53   0.0025389731586
54   0.00255183637459
55   0.00259178114899
56   0.00269602574709
57   0.00283811705791
58   0.00286688929568
59   0.00291084140262
60   0.00289828543916
61   0.00286966713686
62   0.00288755582203
63   0.00280977891882
64   0.00280336344468
65   0.00282640326496
66   0.00285045649064
67   0.00288817563517
68   0.00293516947445
69   0.00293090180688
70   0.00291232628215
71   0.00293902030283
72   0.00295556335149
73   0.00296488711204
74   0.00296508086265
75   0.00296505662868
76   0.00296496566818
77   0.00295623207881
78   0.00293983892978
79   0.00291332114912
80   0.00293157022962
81   0.002936371344
82   0.00288541201106
83   0.00285780552389
84   0.00283208948775
85   0.00280112404426
86   0.00281578505943
87   0.00287974800553
88   0.00286577876549
89   0.00289844178649
90   0.00289896904705
91   0.00288627236203
92   0.00285760532277
93   0.0027479029832
94   0.00261548587757
95   0.00256312659467
96   0.00258171563414
97   0.00252950402043
98   0.00258268621871
99   0.00263608164377
