0   8.46499356676e-06
1   8.1377616693e-06
2   8.06549750813e-06
3   8.53797654254e-06
4   8.33985014426e-06
5   8.29668571072e-06
6   8.35897816192e-06
7   8.45117282405e-06
8   8.19487668646e-06
9   7.76258395553e-06
10   7.57464530556e-06
11   7.8064874207e-06
12   7.67271044572e-06
13   7.60352143994e-06
14   7.68384637221e-06
15   7.82360982811e-06
16   7.92204571952e-06
17   8.02123099885e-06
18   8.1953892189e-06
19   8.16457655662e-06
20   8.33092904725e-06
21   8.40102588099e-06
22   8.2911681496e-06
23   8.29578607984e-06
24   8.30061304398e-06
25   8.30050213717e-06
26   8.29565972172e-06
27   8.2917614099e-06
28   8.40232363827e-06
29   8.32646882958e-06
30   8.16497307006e-06
31   8.19339155322e-06
32   8.01355095998e-06
33   7.93483562824e-06
34   7.80349761477e-06
35   7.70098997276e-06
36   7.57922349379e-06
37   7.70116826908e-06
38   7.73963626012e-06
39   7.58134778494e-06
40   7.88793083996e-06
41   8.28474050023e-06
42   8.44834000714e-06
43   8.44161414734e-06
44   8.33256521544e-06
45   8.20448047629e-06
46   8.57790137156e-06
47   8.05774575046e-06
48   8.37366181941e-06
49   8.45543118503e-06
50   8.44571097801e-06
51   8.30049577986e-06
52   8.27341668024e-06
53   8.33747881767e-06
54   8.49138961364e-06
55   8.78662328068e-06
56   9.46502891588e-06
57   1.01163527757e-05
58   1.02253822104e-05
59   1.02858928448e-05
60   1.03623541157e-05
61   1.02285924184e-05
62   1.05964252461e-05
63   1.01630511614e-05
64   1.01676881734e-05
65   1.04919852056e-05
66   1.0597495811e-05
67   1.07900536616e-05
68   1.09888654385e-05
69   1.08886361076e-05
70   1.09459592026e-05
71   1.09550086227e-05
72   1.09941066498e-05
73   1.10128384914e-05
74   1.10083638183e-05
75   1.10079606466e-05
76   1.10120627365e-05
77   1.09978084829e-05
78   1.09554223288e-05
79   1.09476367661e-05
80   1.08919934752e-05
81   1.09981777117e-05
82   1.07783582704e-05
83   1.06271460297e-05
84   1.0524874309e-05
85   1.01649361074e-05
86   1.0152822876e-05
87   1.0519295005e-05
88   1.02698569417e-05
89   1.03617214516e-05
90   1.02556847909e-05
91   1.02458804229e-05
92   1.02022128142e-05
93   9.67788169539e-06
94   8.96165123588e-06
95   8.50941115767e-06
96   8.73543548176e-06
97   8.12701082655e-06
98   8.15920909713e-06
99   8.36560954127e-06
0   0.00250339098398
1   0.00243882725512
2   0.00242455099695
3   0.00251014358363
4   0.0024550895858
5   0.00244902081939
6   0.0024615649885
7   0.00250324484644
8   0.00242229535165
9   0.00234067106299
10   0.00231659487302
11   0.00235992697658
12   0.0023192926351
13   0.00228997386309
14   0.00231600994681
15   0.00234852629111
16   0.00236556557514
17   0.00240477963989
18   0.00243326128068
19   0.00241900537732
20   0.0024478057335
21   0.00245720080401
22   0.00243577395438
23   0.00243587503999
24   0.00243581977954
25   0.00243580367774
26   0.00243588790236
27   0.00243588438098
28   0.00245750564306
29   0.00244712815857
30   0.00241917555644
31   0.00243358161453
32   0.00240295159038
33   0.00236715410259
34   0.0023447170351
35   0.00232003050438
36   0.00228641073519
37   0.00232526206255
38   0.0023454979818
39   0.00231711362651
40   0.00236513936043
41   0.00244114012733
42   0.00250484914204
43   0.00247324208644
44   0.00245750750343
45   0.00242525995142
46   0.00252393994439
47   0.00242432128773
48   0.00248331768576
49   0.00251575531065
50   0.00254172562948
51   0.00249623864681
52   0.00248236460757
53   0.00249228211443
54   0.0025305406894
55   0.00259304736298
56   0.00272208272455
57   0.00288646653795
58   0.0029081524343
59   0.00291021772809
60   0.00292658879078
61   0.00289533392079
62   0.00297317171689
63   0.00288116112578
64   0.00287860699751
65   0.00294465264997
66   0.00297381242477
67   0.00302749323827
68   0.00309269102949
69   0.00307448675704
70   0.00308066957632
71   0.00307730396564
72   0.00307899167249
73   0.00307916108546
74   0.00307697170282
75   0.0030769002991
76   0.00307891754769
77   0.00307962056724
78   0.00307698403279
79   0.00308075864235
80   0.00307540597703
81   0.00309560219476
82   0.00302629153431
83   0.002980045248
84   0.00295138967163
85   0.00287986493915
86   0.00287874451232
87   0.0029571776773
88   0.00290620099337
89   0.00292321646367
90   0.0029041635706
91   0.00290621632779
92   0.00291238225136
93   0.00276625017941
94   0.00262656213904
95   0.00253393014267
96   0.00258024172248
97   0.00244136525665
98   0.00246504264405
99   0.00251129974864
