0   2.83355036059e-05
1   2.90447407247e-05
2   2.99637424445e-05
3   3.08384057777e-05
4   3.04312579844e-05
5   2.94947889867e-05
6   2.82564809712e-05
7   2.81918185983e-05
8   2.70088534414e-05
9   2.66865805239e-05
10   2.71285439143e-05
11   2.67218983685e-05
12   2.7027039177e-05
13   2.64756807935e-05
14   2.62469581381e-05
15   2.67846701358e-05
16   2.65686758301e-05
17   2.65588640989e-05
18   2.66517200054e-05
19   2.69593237101e-05
20   2.66474103078e-05
21   2.71715197368e-05
22   2.75675169637e-05
23   2.76859517612e-05
24   2.76527036544e-05
25   2.76529437027e-05
26   2.76868453293e-05
27   2.75638259442e-05
28   2.71634531373e-05
29   2.66366335367e-05
30   2.69706494367e-05
31   2.66163890044e-05
32   2.65508452137e-05
33   2.66042050214e-05
34   2.68024268887e-05
35   2.61865652247e-05
36   2.64169298185e-05
37   2.70487985035e-05
38   2.68434047971e-05
39   2.70819253655e-05
40   2.68242270476e-05
41   2.72303045474e-05
42   2.82293857233e-05
43   2.85197977572e-05
44   2.99444836066e-05
45   3.08102752875e-05
46   3.04346708652e-05
47   2.93825840981e-05
48   2.90433396796e-05
49   2.78752642771e-05
50   2.77946629501e-05
51   2.70196221372e-05
52   2.6326114998e-05
53   2.58913583203e-05
54   2.69323471375e-05
55   2.72738182042e-05
56   2.80780618677e-05
57   2.83319550394e-05
58   2.89474912434e-05
59   2.84129049308e-05
60   2.82388237067e-05
61   2.88654113464e-05
62   2.85887427881e-05
63   2.8857135643e-05
64   2.86224780914e-05
65   2.8034219397e-05
66   2.88011353582e-05
67   2.87512801695e-05
68   2.83983584467e-05
69   2.8557424024e-05
70   2.89486303715e-05
71   2.85058856967e-05
72   2.85287815606e-05
73   2.84997234554e-05
74   2.857544008e-05
75   2.85777051755e-05
76   2.85021851643e-05
77   2.85302714183e-05
78   2.84942851041e-05
79   2.89453263603e-05
80   2.85800771866e-05
81   2.83846612573e-05
82   2.87971138846e-05
83   2.88347036459e-05
84   2.80824595811e-05
85   2.85689633103e-05
86   2.87336706046e-05
87   2.85148842902e-05
88   2.89062487087e-05
89   2.82528750956e-05
90   2.85276845274e-05
91   2.89882170957e-05
92   2.86263605718e-05
93   2.83583397768e-05
94   2.74989020337e-05
95   2.71171638619e-05
96   2.59368082959e-05
97   2.61281043584e-05
98   2.69169926813e-05
99   2.75972772457e-05
0   0.000840845972955
1   0.000866642757988
2   0.000890264638957
3   0.00089765610654
4   0.000884576218292
5   0.000853243724558
6   0.000826852622615
7   0.000822360322631
8   0.000795624660488
9   0.000777945353021
10   0.000777057961833
11   0.000768979032452
12   0.000772650868058
13   0.000762225515841
14   0.000764923853396
15   0.000777690742787
16   0.00077562255333
17   0.000778706646177
18   0.000778152024402
19   0.000780778083571
20   0.000773498914017
21   0.000779975026626
22   0.00078330585851
23   0.000784470796085
24   0.000783890952319
25   0.000783894392999
26   0.000784489998674
27   0.000783263888857
28   0.000779948406
29   0.000773423372461
30   0.000781052407371
31   0.000777591224928
32   0.000778748218594
33   0.000776106617998
34   0.000777691990528
35   0.00076364908903
36   0.000761369944096
37   0.000773572516968
38   0.000770503001309
39   0.000776708123115
40   0.000781173105588
41   0.000801451333398
42   0.000824605287199
43   0.000830607886646
44   0.000863110957362
45   0.000890710218026
46   0.000893827710039
47   0.000879994444079
48   0.000860443672328
49   0.000831263219884
50   0.00081593689741
51   0.000792808344908
52   0.000779450004177
53   0.000772433377126
54   0.000795206244457
55   0.000807846470312
56   0.000820829338287
57   0.000837031989903
58   0.000854219019573
59   0.000860090761908
60   0.000862399068868
61   0.000872929522729
62   0.000864216604795
63   0.000861825155903
64   0.00085084175817
65   0.000843176037605
66   0.000857700583945
67   0.000859875532661
68   0.000861759437275
69   0.000866989271141
70   0.000876984914639
71   0.00087317741009
72   0.000873979427724
73   0.000875127030549
74   0.000876867039822
75   0.00087692111465
76   0.00087520688173
77   0.000874129742462
78   0.000873016981794
79   0.00087711536789
80   0.000867461034687
81   0.000861955509835
82   0.000861124614287
83   0.000858272265363
84   0.000844044832849
85   0.000849236707857
86   0.000858229070194
87   0.00086315212687
88   0.00087350848114
89   0.000863446439775
90   0.000863509869816
91   0.000856463065136
92   0.000844823795604
93   0.00082464138166
94   0.000811744871631
95   0.000799850414811
96   0.000773409166041
97   0.000777462163874
98   0.000786815911807
99   0.000810623497484
