0   4.24695974389e-05
1   4.17845618573e-05
2   4.15489902408e-05
3   4.14206143322e-05
4   4.18598537771e-05
5   4.24016985981e-05
6   4.24287268585e-05
7   4.2965639967e-05
8   4.22183196877e-05
9   4.10114010803e-05
10   4.05608192112e-05
11   4.05309897402e-05
12   4.0385386045e-05
13   4.074344113e-05
14   4.11431046156e-05
15   4.14804947777e-05
16   4.20010810262e-05
17   4.23494820451e-05
18   4.21469927212e-05
19   4.22412145477e-05
20   4.17661249323e-05
21   4.15776273648e-05
22   4.1601105781e-05
23   4.16638003193e-05
24   4.16958859785e-05
25   4.16955075718e-05
26   4.16630887762e-05
27   4.16010300659e-05
28   4.15765122894e-05
29   4.17761612605e-05
30   4.22556613023e-05
31   4.21434421608e-05
32   4.23551089705e-05
33   4.19552823291e-05
34   4.14712572424e-05
35   4.11568947983e-05
36   4.06431746205e-05
37   4.04365751367e-05
38   4.05109051378e-05
39   4.05974905773e-05
40   4.1097443726e-05
41   4.22050611914e-05
42   4.28389287036e-05
43   4.22939606262e-05
44   4.21767197466e-05
45   4.19634677017e-05
46   4.14784865204e-05
47   4.14151330464e-05
48   4.18598418257e-05
49   4.21685154414e-05
50   4.16450169254e-05
51   4.04944349502e-05
52   4.07156497232e-05
53   4.1265832354e-05
54   4.20290559413e-05
55   4.32845808597e-05
56   4.33714704341e-05
57   4.32054688126e-05
58   4.25139778182e-05
59   4.27050235092e-05
60   4.27468497115e-05
61   4.31108323396e-05
62   4.34725184578e-05
63   4.39072731993e-05
64   4.4238552827e-05
65   4.38345905497e-05
66   4.3439656464e-05
67   4.3655728264e-05
68   4.30968835876e-05
69   4.29711915702e-05
70   4.31334260804e-05
71   4.34409490211e-05
72   4.34434776794e-05
73   4.34603743842e-05
74   4.34830472025e-05
75   4.34843035958e-05
76   4.34617886497e-05
77   4.34409732638e-05
78   4.34453445592e-05
79   4.3137945459e-05
80   4.29933370706e-05
81   4.30595471822e-05
82   4.36481820334e-05
83   4.34476315951e-05
84   4.38925000794e-05
85   4.41300453522e-05
86   4.39512837983e-05
87   4.36006684002e-05
88   4.30158355806e-05
89   4.28715251452e-05
90   4.26168819622e-05
91   4.23658163288e-05
92   4.32934227529e-05
93   4.34774152879e-05
94   4.36704116301e-05
95   4.24804067661e-05
96   4.14646898435e-05
97   4.06969969538e-05
98   4.04784210428e-05
99   4.15556835018e-05
0   0.0066073612665
1   0.00651470265655
2   0.00648556305472
3   0.0064937949112
4   0.0065531143058
5   0.00663836646383
6   0.00663064729712
7   0.0066626306723
8   0.00655905160496
9   0.00639576065302
10   0.00635640456537
11   0.00637031602244
12   0.0063637229665
13   0.00641430438501
14   0.00646030242521
15   0.00648527248543
16   0.0065280769068
17   0.00656642471005
18   0.00653978958196
19   0.00655213175112
20   0.00648248669651
21   0.00645608561388
22   0.0064580284114
23   0.0064649122128
24   0.00646900307796
25   0.00646895042043
26   0.00646482828297
27   0.0064580223468
28   0.00645595191484
29   0.00648392343094
30   0.00655411085577
31   0.00653924153556
32   0.00656726641043
33   0.00652304255134
34   0.00648439523906
35   0.00646311370173
36   0.00640208502044
37   0.00636864141572
38   0.0063676583225
39   0.00635960183379
40   0.00640639316331
41   0.00655706119358
42   0.00664940359746
43   0.00661613407609
44   0.0066068394777
45   0.00656087699943
46   0.00649448951479
47   0.00646671693532
48   0.00652552246645
49   0.00657857641464
50   0.00655782487237
51   0.00641742568164
52   0.00642307454794
53   0.00646520713955
54   0.00653136287668
55   0.0066923019065
56   0.0067275499988
57   0.00673686261044
58   0.006643773043
59   0.00664028826043
60   0.00663635531864
61   0.0066558610963
62   0.00669342640378
63   0.00675099922933
64   0.00679957605976
65   0.00677898616849
66   0.00674603890418
67   0.00678469419072
68   0.00671269472458
69   0.00668975204995
70   0.0067023522262
71   0.00673525767528
72   0.00673798246888
73   0.0067402062763
74   0.00674267062261
75   0.00674281986019
76   0.00674035323909
77   0.00673767540948
78   0.00673574849978
79   0.00670268113213
80   0.00669182250703
81   0.00670790124737
82   0.00678434883935
83   0.00674854022646
84   0.00678885139468
85   0.00678768080532
86   0.00675634458069
87   0.00670969961234
88   0.00664273028794
89   0.00664862024913
90   0.00663137423633
91   0.00662216642393
92   0.00674925318025
93   0.00675352873736
94   0.00674278142606
95   0.00658750745523
96   0.00647876168057
97   0.00642313077981
98   0.00640792011691
99   0.00655126986025
