0   1.90736860364e-06
1   1.99552862594e-06
2   1.83405656811e-06
3   1.73325768132e-06
4   1.87613922776e-06
5   1.5587980309e-06
6   1.6024900274e-06
7   1.94870919514e-06
8   1.82363799082e-06
9   1.97242342269e-06
10   1.73703862085e-06
11   1.7900969673e-06
12   1.87408463488e-06
13   1.84850896586e-06
14   1.8729973223e-06
15   1.97183666521e-06
16   2.08502088715e-06
17   1.92155573555e-06
18   2.05241341924e-06
19   1.93864399758e-06
20   1.86279231674e-06
21   1.8414765473e-06
22   1.85242692612e-06
23   1.870176561e-06
24   1.87633977648e-06
25   1.87626019604e-06
26   1.87005505182e-06
27   1.85138054441e-06
28   1.84092799625e-06
29   1.86502021144e-06
30   1.93759240386e-06
31   2.05801967246e-06
32   1.92525475131e-06
33   2.08388693594e-06
34   1.95851030106e-06
35   1.88116761754e-06
36   1.83963133482e-06
37   1.8545669822e-06
38   1.76227916822e-06
39   1.73928896194e-06
40   1.96856398202e-06
41   1.82419378074e-06
42   1.92455082683e-06
43   1.57780914052e-06
44   1.5720145584e-06
45   1.83947347298e-06
46   1.7297342199e-06
47   1.95205499202e-06
48   2.0174406708e-06
49   1.9010365753e-06
50   1.98809711774e-06
51   2.08121647105e-06
52   2.23638709933e-06
53   2.50692987157e-06
54   2.91806269764e-06
55   2.94088066763e-06
56   3.21741771433e-06
57   3.84381024462e-06
58   4.18462242166e-06
59   4.63963253839e-06
60   4.79267188689e-06
61   5.01752538109e-06
62   4.89988700941e-06
63   4.98241308017e-06
64   5.17254075814e-06
65   5.24498961901e-06
66   5.25328006117e-06
67   5.42732298049e-06
68   5.6214403763e-06
69   5.85937029506e-06
70   5.88634721338e-06
71   5.91763091972e-06
72   5.94978744713e-06
73   5.98196095277e-06
74   5.99969740759e-06
75   5.99995251983e-06
76   5.98313037196e-06
77   5.95202460633e-06
78   5.91931546902e-06
79   5.88660038301e-06
80   5.86196585556e-06
81   5.63132330282e-06
82   5.43724596944e-06
83   5.26335066196e-06
84   5.25214211769e-06
85   5.17810897779e-06
86   4.97825940456e-06
87   4.91917615546e-06
88   5.00779976147e-06
89   4.81252684203e-06
90   4.71722728325e-06
91   4.2111017158e-06
92   3.89589804399e-06
93   3.30609185117e-06
94   2.94998952983e-06
95   2.95221727451e-06
96   2.56884058032e-06
97   2.40657807907e-06
98   2.05627495693e-06
99   1.99591273574e-06
0   0.00041364012025
1   0.000432313256907
2   0.000397859728924
3   0.000375490061952
4   0.000406869317371
5   0.000339908692385
6   0.000349176754691
7   0.000424649793968
8   0.000397620267466
9   0.000429372535977
10   0.000378279737528
11   0.000389730091267
12   0.000407697209902
13   0.000402096324826
14   0.000406805932769
15   0.000427753452354
16   0.000452094075457
17   0.000416970809586
18   0.000445184366052
19   0.000420518241179
20   0.000403774175391
21   0.000398996589066
22   0.000400936860937
23   0.000403977968562
24   0.00040503860434
25   0.000405024111592
26   0.000403962337693
27   0.000400738326657
28   0.000398887562851
29   0.000404257446472
30   0.000420294794155
31   0.000446404506272
32   0.000417734218281
33   0.000451825318733
34   0.000424895976906
35   0.000408577311218
36   0.000400302853013
37   0.000403479593114
38   0.000383689477011
39   0.000378761418157
40   0.000428503306016
41   0.000397663148642
42   0.000419265574105
43   0.000343693310763
44   0.000342451382214
45   0.000397579639194
46   0.000374880533678
47   0.000423492595627
48   0.000437025932891
49   0.000412581892129
50   0.000431474423918
51   0.000451347974784
52   0.000484708156003
53   0.00054273496617
54   0.000631900525925
55   0.000635798095102
56   0.000695262125268
57   0.000829646571762
58   0.000900647713047
59   0.000999693971687
60   0.00103274268556
61   0.00108078162431
62   0.00105558381171
63   0.00107375279944
64   0.00111519218375
65   0.00113096297625
66   0.0011323567498
67   0.0011698474785
68   0.00121198636053
69   0.00126306158738
70   0.00126862730811
71   0.00127551622163
72   0.00128278417947
73   0.0012897522691
74   0.0012935540047
75   0.00129361028779
76   0.00128998806112
77   0.00128327713711
78   0.00127590146543
79   0.00126868645381
80   0.00126361341599
81   0.00121412057637
82   0.00117195730414
83   0.00113454871854
84   0.00113242215017
85   0.00111647749866
86   0.00107291226026
87   0.00105992520291
88   0.00107850679659
89   0.0010369218346
90   0.00101648645068
91   0.000907214956108
92   0.00083952422417
93   0.000714169835784
94   0.000637619330023
95   0.000638899155393
96   0.000556435002208
97   0.000521453360842
98   0.000445710353664
99   0.000433076509431
