0   7.96709286345e-05
1   8.46811569581e-05
2   9.02857033011e-05
3   9.06127221248e-05
4   8.77873905381e-05
5   8.38577736945e-05
6   7.94394061832e-05
7   7.90287239199e-05
8   8.2757483628e-05
9   8.29771412674e-05
10   8.23495912189e-05
11   8.21137988714e-05
12   8.0470401193e-05
13   8.11121228872e-05
14   7.97630402482e-05
15   7.95651842367e-05
16   8.00788305349e-05
17   8.14462901116e-05
18   8.44848502987e-05
19   8.59763015375e-05
20   8.65421442999e-05
21   8.82827723019e-05
22   8.97774210919e-05
23   9.07079620468e-05
24   9.05366655623e-05
25   9.05389470754e-05
26   9.07100587916e-05
27   8.97412563827e-05
28   8.82264323122e-05
29   8.65264356865e-05
30   8.59507723945e-05
31   8.43656069754e-05
32   8.1350276506e-05
33   8.01403996448e-05
34   7.95560478396e-05
35   7.98334081408e-05
36   8.10866592864e-05
37   8.04397710348e-05
38   8.20423141334e-05
39   8.24020943722e-05
40   8.25362287315e-05
41   8.27294259289e-05
42   7.87895208655e-05
43   8.01075838938e-05
44   8.48306814905e-05
45   8.89393214914e-05
46   9.09776280712e-05
47   8.88593109606e-05
48   8.34093900468e-05
49   7.84464326105e-05
50   7.56722417927e-05
51   7.40159589369e-05
52   7.44373165266e-05
53   7.94602867018e-05
54   8.37962710153e-05
55   8.47950255694e-05
56   8.3747729733e-05
57   8.45319423155e-05
58   8.7020661896e-05
59   8.91143458169e-05
60   9.11058014954e-05
61   9.10728592556e-05
62   9.07721039963e-05
63   8.83844096073e-05
64   8.58272649512e-05
65   8.51860834404e-05
66   8.53697641987e-05
67   8.56899960534e-05
68   8.70568962437e-05
69   8.74592228271e-05
70   8.69768147452e-05
71   8.78156359899e-05
72   8.77495753644e-05
73   8.78746154028e-05
74   8.79346345295e-05
75   8.79382825012e-05
76   8.78728222315e-05
77   8.77537867605e-05
78   8.7818542941e-05
79   8.70333419278e-05
80   8.74060969147e-05
81   8.71645911356e-05
82   8.57283797964e-05
83   8.53696068848e-05
84   8.51946042617e-05
85   8.58243548543e-05
86   8.79748412561e-05
87   9.08497647195e-05
88   9.04360826274e-05
89   9.12368928002e-05
90   8.88706535555e-05
91   8.76336651019e-05
92   8.48123660618e-05
93   8.34169221434e-05
94   8.43419574107e-05
95   8.53157370495e-05
96   8.19592883453e-05
97   7.52642487156e-05
98   7.35715620403e-05
99   7.4969991706e-05
0   0.0121518665856
1   0.0130020361008
2   0.0137735224553
3   0.0138231819196
4   0.0133514433758
5   0.012938059569
6   0.0124876309192
7   0.0125119180361
8   0.0129916518113
9   0.0129131209583
10   0.012609705789
11   0.0125176485148
12   0.0121264310143
13   0.0122435425795
14   0.0121636881677
15   0.0121650778164
16   0.0122038651486
17   0.0125705729995
18   0.0130031322723
19   0.0133021892387
20   0.0133769303799
21   0.0134938282305
22   0.0137024645641
23   0.0137500730574
24   0.0137308941122
25   0.0137312765629
26   0.0137505463783
27   0.0137003354122
28   0.0134867018805
29   0.0133794462646
30   0.0132970783107
31   0.0129869491167
32   0.0125477105785
33   0.012200076359
34   0.0121697754943
35   0.0121785153011
36   0.0122328584456
37   0.0121276871977
38   0.0124979499183
39   0.0126579504632
40   0.0128529207353
41   0.0129496827442
42   0.0124541200077
43   0.0125496573672
44   0.0130342344861
45   0.0135181907412
46   0.0138893252881
47   0.0136178278228
48   0.0128059045373
49   0.0119075610469
50   0.0114330153876
51   0.0111039393688
52   0.0110729500614
53   0.0119613219284
54   0.0127814210322
55   0.0130825596926
56   0.0127772256426
57   0.0128857965091
58   0.0131643737008
59   0.0134300532149
60   0.0137766699695
61   0.0140028504173
62   0.0140351014099
63   0.0138216719976
64   0.0134052855633
65   0.0131169798639
66   0.013188298556
67   0.0131620843161
68   0.013189179339
69   0.0131733215682
70   0.0132342705745
71   0.0132995930646
72   0.0133225765626
73   0.0133967766395
74   0.013407140013
75   0.0134074069662
76   0.0133980527231
77   0.013325765781
78   0.0132983229566
79   0.0132369764201
80   0.0131712479339
81   0.0131895817014
82   0.013154563639
83   0.0131894366528
84   0.0131097802665
85   0.0133793847698
86   0.0137718333817
87   0.0140375135148
88   0.0139266891457
89   0.013802451473
90   0.0134046243788
91   0.0132260857683
92   0.0129264753799
93   0.0127155941186
94   0.0130111043618
95   0.013088352958
96   0.0122912626063
97   0.0112733032704
98   0.010921234683
99   0.011353097582
