0   0.000126564899344
1   0.000126113030095
2   0.000127278115488
3   0.000126413756613
4   0.00012648325151
5   0.000124893664252
6   0.000122947814039
7   0.000124027184046
8   0.000119462568144
9   0.000115538171145
10   0.000113153946153
11   0.000111609758137
12   0.000110206301508
13   0.000110096309743
14   0.0001101847156
15   0.000111066865092
16   0.00011380884037
17   0.00011472850324
18   0.000114074533355
19   0.000114625395071
20   0.000113688186229
21   0.000113114969484
22   0.000113504559648
23   0.000113737730212
24   0.000113814953142
25   0.000113814064244
26   0.000113735303236
27   0.000113500699448
28   0.000113103387822
29   0.000113720728199
30   0.000114636848239
31   0.000114077299025
32   0.000114757304044
33   0.000113642646994
34   0.000111031506676
35   0.000110327222154
36   0.00010986277024
37   0.000110519759159
38   0.000111663731758
39   0.00011350356871
40   0.000115806399136
41   0.00011949292287
42   0.000123741950715
43   0.00012295431891
44   0.0001249099703
45   0.00012728467107
46   0.000126852185563
47   0.000126956551147
48   0.000125940877147
49   0.000124407004238
50   0.000118224768565
51   0.000112934256896
52   0.000112218526287
53   0.000112625504415
54   0.000114445658744
55   0.000117952190287
56   0.000119105976887
57   0.000118567193588
58   0.000117714791766
59   0.000120146701558
60   0.00012190740184
61   0.000124260237079
62   0.000125608092619
63   0.000127042460226
64   0.00012929786932
65   0.000127325835244
66   0.00012580893133
67   0.000126779570259
68   0.000125386542917
69   0.000125506037016
70   0.000126214065844
71   0.000127257708925
72   0.000127067127523
73   0.00012704575303
74   0.000127240496295
75   0.000127246489891
76   0.000127056437838
77   0.000127051717693
78   0.000127266613716
79   0.000126240813077
80   0.000125584242459
81   0.000125285332223
82   0.000126659252485
83   0.000125904357627
84   0.000127433632444
85   0.000129002147922
86   0.000127035327421
87   0.000125907389786
88   0.000124153872489
89   0.000122414111858
90   0.000120018126184
91   0.000117640857299
92   0.000119077304465
93   0.00011915957881
94   0.000119160754388
95   0.000115728135531
96   0.000113009856987
97   0.000111578146408
98   0.000112474042179
99   0.000116973543932
0   0.0060916181257
1   0.00609276189571
2   0.00615120967038
3   0.00612830789289
4   0.00612646276666
5   0.00606001535503
6   0.00595764034802
7   0.00595791769329
8   0.00575166386251
9   0.00556847408608
10   0.00546862732374
11   0.00540457650259
12   0.00535620157332
13   0.00536260130188
14   0.00537034271689
15   0.00538624191073
16   0.00547620926099
17   0.00550503586127
18   0.0054648447651
19   0.00548506444775
20   0.0054338642588
21   0.0053968552113
22   0.00540452187766
23   0.00541243633917
24   0.005415154214
25   0.005415123375
26   0.00541236341362
27   0.00540445582739
28   0.005396600802
29   0.00543547777903
30   0.00548610165766
31   0.00546488031396
32   0.00550742379538
33   0.00547070632967
34   0.00538540438797
35   0.00537715690634
36   0.00535317533687
37   0.00536605592526
38   0.00540989539859
39   0.00548711723099
40   0.00557954591278
41   0.00575323882897
42   0.00594786806677
43   0.00596693396043
44   0.00606276464691
45   0.00615662574939
46   0.00614246506705
47   0.00613999566448
48   0.00608333071575
49   0.00601184713436
50   0.00577714670621
51   0.00555188642535
52   0.00547853876316
53   0.0054642956312
54   0.0055085437515
55   0.00566768701649
56   0.00575447961532
57   0.00575952667276
58   0.00571716543108
59   0.00577582144889
60   0.00584481787631
61   0.00593309134455
62   0.00598605042538
63   0.00607171187723
64   0.00618744594569
65   0.00614370419162
66   0.00610555904767
67   0.00615496853098
68   0.00609972091083
69   0.00609083910676
70   0.00610723961779
71   0.00613862014693
72   0.00613237625823
73   0.00613080868094
74   0.00613825438282
75   0.00613848194563
76   0.0061312904527
77   0.00613177326162
78   0.00613877581667
79   0.00610797649022
80   0.00609227027914
81   0.00609485351415
82   0.00615106304921
83   0.00611115576492
84   0.00615233728475
85   0.0061794202827
86   0.00606962381374
87   0.00600243470654
88   0.00592769054365
89   0.00586408925084
90   0.00577403826734
91   0.00570485961053
92   0.00577857849876
93   0.00576834036122
94   0.00571806441612
95   0.00556033473519
96   0.00546998839326
97   0.00544997465907
98   0.00551972924951
99   0.00572721170475
