0   5.74950720988e-06
1   5.70911533483e-06
2   5.77957219975e-06
3   6.02931251899e-06
4   5.98147802419e-06
5   5.94282410652e-06
6   5.85591182919e-06
7   5.81567651347e-06
8   5.72042356392e-06
9   5.82474745837e-06
10   5.96755798942e-06
11   5.867946139e-06
12   5.97778289074e-06
13   5.97267841736e-06
14   5.82052130495e-06
15   5.81263486436e-06
16   5.78409018931e-06
17   5.7531594352e-06
18   5.76635012306e-06
19   5.87125331178e-06
20   5.87135293663e-06
21   5.93327743854e-06
22   6.06287881164e-06
23   6.07415988606e-06
24   6.05103334489e-06
25   6.05141131073e-06
26   6.07497283474e-06
27   6.0621605156e-06
28   5.92931659387e-06
29   5.87224635962e-06
30   5.87061103594e-06
31   5.75618147998e-06
32   5.75494339413e-06
33   5.79809601366e-06
34   5.81157605174e-06
35   5.80922958724e-06
36   5.96630214259e-06
37   5.97303865907e-06
38   5.89348936262e-06
39   5.96837932778e-06
40   5.82629282616e-06
41   5.74700678779e-06
42   5.81411174497e-06
43   5.9660253945e-06
44   6.06074430297e-06
45   6.05068635236e-06
46   5.88441485564e-06
47   5.62440577846e-06
48   5.78590436337e-06
49   5.71181737681e-06
50   5.78984409886e-06
51   5.8204123139e-06
52   5.77451772378e-06
53   5.70695209909e-06
54   5.90479921985e-06
55   5.91942265151e-06
56   6.0141177164e-06
57   6.02900238207e-06
58   6.08058849087e-06
59   5.86676228137e-06
60   5.75343862708e-06
61   5.90272195562e-06
62   5.8966310427e-06
63   6.05005321263e-06
64   6.01610636705e-06
65   5.95481375621e-06
66   6.04248851121e-06
67   6.01461002337e-06
68   5.91690604099e-06
69   5.92587387982e-06
70   5.97309296406e-06
71   5.83768472852e-06
72   5.83535128815e-06
73   5.82268477846e-06
74   5.83605830044e-06
75   5.83651082799e-06
76   5.82263239483e-06
77   5.83497250984e-06
78   5.83697781132e-06
79   5.96960403218e-06
80   5.92927215875e-06
81   5.91648784296e-06
82   6.02779961897e-06
83   6.04353893039e-06
84   5.94706588491e-06
85   6.03352298236e-06
86   6.04795074637e-06
87   5.89591748183e-06
88   5.8738691524e-06
89   5.7533134896e-06
90   5.86042534016e-06
91   6.10037246617e-06
92   6.03731359901e-06
93   6.06206117258e-06
94   5.96953408963e-06
95   5.86161347836e-06
96   5.70640064657e-06
97   5.76446347991e-06
98   5.86231479753e-06
99   5.85006566915e-06
0   0.000524772482517
1   0.000523906251603
2   0.000527323604599
3   0.000535608538584
4   0.000533895235204
5   0.000531592049653
6   0.000528576069519
7   0.00052728749696
8   0.000522959294959
9   0.000528067110137
10   0.000532294713417
11   0.000529233271747
12   0.000533091945125
13   0.000533552846807
14   0.000527946096125
15   0.000528171338258
16   0.000526976007746
17   0.000525565496218
18   0.000526132339926
19   0.000531089409958
20   0.00053029314146
21   0.000532597493751
22   0.000537113992676
23   0.000537163606608
24   0.000535839304457
25   0.000535858684383
26   0.000537206201051
27   0.000537094705477
28   0.000532455405435
29   0.000530334010296
30   0.000531056012036
31   0.000525653908329
32   0.000525791116333
33   0.000527452951635
34   0.000528060692887
35   0.00052745217895
36   0.000533293015698
37   0.000532879873673
38   0.000530234114802
39   0.000532479355627
40   0.000528238450718
41   0.000524835837513
42   0.000527225077104
43   0.000533345847407
44   0.000536436147914
45   0.000536535280203
46   0.000530485890571
47   0.000519938184445
48   0.000526613350792
49   0.000523017558998
50   0.000525540737113
51   0.000527344382822
52   0.000525915681282
53   0.000523784508537
54   0.000532713007725
55   0.000533972290773
56   0.000537552151313
57   0.000539446805599
58   0.000539770160201
59   0.000533122926292
60   0.000527830764499
61   0.000534754010464
62   0.000534100960772
63   0.000540011088126
64   0.000538187178592
65   0.00053697725805
66   0.000539818059069
67   0.00053821478158
68   0.000535814230432
69   0.000536460793321
70   0.000538673803941
71   0.000532490653842
72   0.000531817529694
73   0.000531798079575
74   0.000532759576724
75   0.000532787075819
76   0.00053182082915
77   0.000531809053381
78   0.000532380751075
79   0.000538571160943
80   0.000536699907031
81   0.000535782144169
82   0.000538910941885
83   0.00053965163488
84   0.000536775237545
85   0.000539042601714
86   0.000539856353081
87   0.00053409237123
88   0.00053375024846
89   0.000528417658381
90   0.000533289924272
91   0.000541132732648
92   0.00053963985674
93   0.000539298016278
94   0.000536052939693
95   0.000531766184707
96   0.000523425838158
97   0.000525259899782
98   0.00052790502441
99   0.000528135521413
